================================================================================
BICEP CURL METRICS - USE THESE IN YOUR COUNTER
================================================================================

VIDEO INFO:
  Filename: Denise_Wide-Grip20Curl.mp4
  Arm Analyzed: LEFT
  Frames Analyzed: 32

*** THRESHOLDS FOR COUNTER ***
  DOWN_THRESHOLD (arm extended): 171.93°
  UP_THRESHOLD (peak curl): 28.24°
  MIN_RANGE_OF_MOTION: 143.69°
  MAX_SHOULDER_MOVEMENT: 0.0105

INITIAL POSITION:
  Shoulder: x=0.5833, y=0.2528
  Elbow: x=0.5992, y=0.3857
  Wrist: x=0.6292, y=0.4984
  Elbow Angle: 171.93°

FRAME-BY-FRAME DATA:
--------------------------------------------------------------------------------
Frame    Time(s)    Elbow°     Shoulder°    Shoulder Drift 
--------------------------------------------------------------------------------
0        0.0        171.93     14.02        0.0001         
1        0.1        171.56     14.12        0.0019         
2        0.2        170.54     13.94        0.0047         
3        0.3        166.64     13.52        0.0075         
4        0.4        158.34     13.64        0.0097         
5        0.5        138.6      14.35        0.0104         
6        0.6        116.57     15.35        0.0105         
7        0.7        97.69      17.68        0.0103         
8        0.8        81.42      19.86        0.0105         
9        0.9        67.48      22.58        0.0089         
10       1.0        59.61      23.19        0.0078         
11       1.1        52.21      23.33        0.0072         
12       1.2        47.77      22.82        0.0067         
13       1.3        37.56      22.33        0.0059         
14       1.4        32.16      22.22        0.0057         
15       1.5        29.22      21.95        0.0056         
16       1.6        28.24      21.74        0.0056         
17       1.7        28.89      21.78        0.0055         
18       1.8        30.28      21.73        0.0054         
19       1.9        38.03      21.75        0.0053         
20       2.0        46.95      22.02        0.0053         
21       2.1        54.15      22.5         0.0054         
22       2.2        64.24      22.73        0.0058         
23       2.3        80.87      22.26        0.0063         
24       2.4        99.17      20.59        0.007          
25       2.5        117.88     17.71        0.0077         
26       2.6        134.0      15.82        0.0091         
27       2.7        149.8      13.65        0.01           
28       2.8        159.16     12.71        0.0102         
29       2.9        162.7      12.74        0.0102         
30       3.0        166.58     13.23        0.0099         
31       3.1        166.0      12.97        0.008          
